Description:	mydgemm

Size:	testGflops/s	refGflops/s	percent
4	2.31		1.4		1.65
5	3.21		2.03		1.59
6	4.35		4.23		1.03
7	3.93		3.4		1.15
8	8.76		7.15		1.23
9	7.97		6.69		1.19
10	9.07		8.13		1.12
11	8.24		7.17		1.15
12	13.7		12.4		1.11
13	11.8		10.5		1.12
14	11.5		10.3		1.11
15	10.5		9.27		1.14
16	15.9		16.6		0.957
17	13.2		12.9		1.02
18	15.4		15.1		1.02
19	12.9		12.3		1.05
20	18.3		14.1		1.3
21	15		13.1		1.14
22	17		14.7		1.16
23	15		14.3		1.06
24	18.1		16.5		1.1
25	16.4		15.3		1.07
26	17.7		16.7		1.06
27	16.2		16.5		0.988
28	19.3		18.5		1.04
29	16.2		16.9		0.962
30	18.4		18.2		1.01
31	16.1		17.4		0.921
32	18.8		20.5		0.921
33	14.4		18.5		0.779
34	16		19.4		0.825
35	14.6		18.4		0.79
36	17.4		20.8		0.84
37	14.1		19		0.744
38	16.7		19.7		0.85
39	14.5		18.9		0.765
40	16.9		21.2		0.796
41	14.7		20		0.737
42	16.7		21.2		0.787
43	14.7		19.5		0.75
44	17.6		21.9		0.804
45	15.5		20.5		0.756
46	17		21.5		0.789
47	15.1		20.3		0.743
48	17.3		22.6		0.767
49	15.5		21.2		0.733
50	17.3		22.3		0.774
51	15.8		21.2		0.745
52	18		23.1		0.78
53	15.8		21.6		0.733
54	17.6		22.5		0.784
55	15.8		21.5		0.733
56	17.6		23.7		0.742
57	15		22		0.681
58	17.3		23.2		0.744
59	14.7		22		0.668
60	18.3		23.9		0.768
61	14.9		22.4		0.662
62	17.9		23.2		0.774
63	15.9		22.4		0.709
64	17.4		24.4		0.715
65	15.1		23.3		0.649
66	16.9		24.1		0.699
67	14.4		22.8		0.629
68	17.4		24.9		0.697
69	14.4		23.3		0.617
70	17.2		24.2		0.708
71	15.3		23.2		0.659
72	17		25.3		0.674
73	15.5		24		0.645
74	16.5		24.7		0.666
75	15.7		23.7		0.661
76	16.4		25.4		0.647
77	15.8		24		0.659
78	17.4		24.7		0.705
79	15.7		23.6		0.664
80	17.5		25.6		0.682
81	15.8		24.4		0.649
82	17.7		25.1		0.703
83	16.1		24.1		0.668
84	18.1		25.7		0.703
85	16		24.4		0.654
86	17.9		25.1		0.714
87	16		24.2		0.659
88	17.6		25.8		0.683
89	16.1		24.8		0.651
90	18.1		25.5		0.709
91	16.2		24.5		0.66
92	18.3		26		0.704
93	16.4		24.8		0.662
94	18		25.5		0.707
95	16.2		24.6		0.66
96	17.9		26.1		0.686
97	15.6		25.2		0.62
98	17.4		25.8		0.674
99	15.7		24.8		0.632
100	17.7		26.3		0.671
101	15.7		25.2		0.622
102	16.7		25.7		0.65
103	15.2		25		0.609
104	17		26.5		0.644
105	15.7		25.5		0.616
106	17.5		26.1		0.671
107	15.9		25.3		0.628
108	17.8		26.6		0.67
109	15.9		25.6		0.623
110	17.8		26		0.684
111	15.9		25.3		0.629
112	17.4		26.7		0.654
113	15.9		25.8		0.619
114	17.7		26.1		0.677
115	16		25.5		0.63
116	18		26.8		0.672
117	16.1		25.8		0.624
118	17.8		26.2		0.679
119	16.1		25.5		0.631
120	17.6		26.8		0.655
121	16.1		25.9		0.621
122	17.9		26.4		0.677
123	16.2		25.7		0.631
124	18.2		26.9		0.675
125	16.2		25.9		0.625
126	17.8		26.5		0.672
127	15.5		25.6		0.605
128	14.8		26.8		0.552
129	15.2		26.2		0.578
130	17.2		26.6		0.646
131	15.8		25.8		0.613
132	17.6		27		0.65
133	15.8		26.1		0.606
134	17.3		26.6		0.652
135	15.7		25.7		0.612
136	17.2		26.8		0.64
137	15.8		26.3		0.602
138	17.6		26.7		0.662
139	16		26		0.613
140	17.8		27.2		0.655
141	16		26.2		0.611
142	17.6		26.8		0.657
143	15.9		26		0.612
144	17.4		27.3		0.636
145	15.9		26.5		0.601
146	17.4		26.9		0.647
147	15.9		26.2		0.608
148	17.8		27.4		0.651
149	16.1		26.5		0.607
150	17.7		26.9		0.658
151	16		26.2		0.612
152	17.5		27.4		0.636
153	16.1		26.5		0.607
154	17.8		27		0.658
155	16.2		26.2		0.618
156	18		27.2		0.662
157	16.2		26.6		0.609
158	17.9		26.9		0.665
159	16.2		26.4		0.613
160	17.6		27.4		0.642
161	15.7		26.6		0.59
162	17.4		27.2		0.638
163	15.7		26.3		0.599
164	17.5		27.3		0.641
165	15.8		26.7		0.59
166	17.4		27		0.645
167	15.7		26.5		0.592
168	17		27.6		0.615
169	14.7		26.6		0.553
170	15.4		27.2		0.565
171	12.6		26.5		0.477
172	16.5		27.4		0.605
173	15.5		26.8		0.58
174	17.5		27.3		0.641
175	15.9		26.6		0.599
176	17.3		27.8		0.624
177	16		26.9		0.596
178	17.8		27.4		0.649
179	16.1		26.8		0.602
180	17.9		27.8		0.645
181	16.2		27		0.6
182	17.8		27.4		0.648
183	16.1		26.7		0.602
184	17.4		27.8		0.627
185	16.1		27		0.598
186	17.9		27.4		0.654
187	16.2		26.8		0.604
188	18		27.8		0.646
189	16.2		27		0.601
190	17.8		27.4		0.651
191	16.1		26.8		0.599
192	17.4		27.9		0.624
193	15.6		27.1		0.575
194	17.5		27.6		0.634
195	15.9		26.8		0.591
196	17.5		27.8		0.63
197	15.9		27.1		0.585
198	17.4		27.5		0.633
199	15.8		26.9		0.586
200	17.1		27.9		0.612
201	15.8		27.2		0.579
202	17.4		27.7		0.631
203	15.5		27		0.574
204	15		28		0.536
205	13.7		27.1		0.505
206	16.5		27.6		0.596
207	15.7		26.9		0.582
208	17.1		28		0.611
209	15.8		27.3		0.579
210	17.5		27.8		0.632
211	15.9		27.1		0.588
212	17.6		28		0.628
213	16		27.3		0.586
214	17.6		27.7		0.637
215	15.9		27.1		0.588
216	17.2		28		0.614
217	16		27.4		0.584
218	17.5		27.8		0.631
219	15.4		27.2		0.565
220	17.1		28.1		0.607
221	16		27.4		0.583
222	17.6		27.8		0.634
223	16		27.2		0.589
224	17.3		28.1		0.613
225	15.7		27.5		0.572
226	17.4		27.9		0.625
227	15.7		27.3		0.576
228	17.3		28.2		0.615
229	15.8		27.5		0.576
230	17.4		27.9		0.623
231	15.8		27.3		0.578
232	17.1		28.1		0.606
233	15.8		27.6		0.574
234	17.5		28		0.627
235	15.9		27.4		0.582
236	17.7		28.2		0.626
237	16		27.6		0.579
238	17.6		28		0.629
239	15.9		27.5		0.581
240	17.2		28.2		0.609
241	15.9		27.7		0.576
242	17.7		28.1		0.63
243	16		26.3		0.609
244	17.8		28.3		0.627
245	16.1		27.7		0.582
246	17.7		28		0.633
247	16.1		27.5		0.584
248	17.4		28.3		0.614
249	16.1		27.8		0.579
250	17.8		28.1		0.632
251	16.1		27.6		0.583
252	17.6		28.4		0.621
253	15.3		27.7		0.553
254	15.9		28.1		0.567
255	14		27.4		0.513
256	12.3		28.4		0.434
257	12.8		25.9		0.493
258	15.8		27.4		0.579
259	15.3		26		0.588
260	17.5		28.1		0.624
261	15.9		26.3		0.607
262	17.6		27.7		0.637
263	15.9		26.2		0.608
264	17.2		28		0.616
265	16		26.4		0.604
266	17.8		27.8		0.639
267	16.1		26.4		0.609
268	17.8		28.2		0.632
269	16.1		26.5		0.609
270	17.8		26.7		0.664
271	16.1		26.2		0.613
272	17.4		27.8		0.625
273	16.1		26.5		0.608
274	17.8		27.8		0.639
275	16.2		26.5		0.61
276	17.9		28		0.638
277	16.2		26.4		0.614
278	17.7		27.8		0.637
279	16.1		26.5		0.608
280	17.3		27.3		0.635
281	16.1		26.7		0.603
282	17.8		27.8		0.64
283	15.9		26.5		0.599
284	17.7		28.3		0.626
285	16		26.7		0.602
286	17.7		27.9		0.636
287	16.1		26.6		0.606
288	17.3		28.2		0.613
289	15.8		25.4		0.621
290	17.5		28		0.626
291	15.8		26.7		0.593
292	16.8		28.3		0.592
293	15.4		26.7		0.575
294	17.3		27.9		0.618
295	15.8		26.7		0.594
296	17		28.2		0.604
297	15.8		25.6		0.617
298	17.6		28.1		0.626
299	16		26.8		0.596
300	17.5		28.4		0.618
301	15.9		26.9		0.593
302	17.6		28		0.627
303	15.9		26.8		0.594
304	17.2		28.3		0.607
305	15.8		26.9		0.588
306	16.7		28		0.597
307	14.2		26.8		0.53
308	16.6		28.4		0.582
309	15.7		27		0.584
310	17.6		27.9		0.63
311	16		26.7		0.598
312	17.2		28.1		0.614
313	15.9		26.8		0.595
314	17.7		28.2		0.628
315	16.1		27		0.594
316	17.8		28.3		0.628
317	16.1		26.9		0.6
318	17.7		28		0.634
319	16		27		0.595
320	17.4		28.4		0.611
321	15.7		27.1		0.579
322	17.5		28		0.624
323	15.9		26.6		0.596
324	17.5		28.6		0.614
325	15.1		27.1		0.555
326	17.5		28		0.625
327	15.8		26.9		0.589
328	17		28.2		0.605
329	15.8		27		0.586
330	17.6		28.3		0.621
331	15.9		27.2		0.585
332	17.6		28.4		0.62
333	16		27.1		0.59
334	17.5		28.3		0.621
335	15.9		27.1		0.586
336	17.2		28.5		0.604
337	15.9		27		0.588
338	17.5		28.1		0.621
339	15.2		27		0.564
340	16.1		28.6		0.563
341	13.2		27		0.491
342	14.6		28.3		0.518
343	15.1		27.2		0.557
344	16.7		28.2		0.593
345	15.8		27		0.587
346	17.6		28.4		0.62
347	15.8		27.3		0.578
348	17.7		28.7		0.618
349	16.1		27.4		0.588
350	17.7		28.4		0.625
351	16.1		27.3		0.59
352	17.4		28.6		0.609
353	15.8		27.4		0.577
354	17.6		26.8		0.655
355	15.9		27.3		0.582
356	17.6		28.7		0.613
357	16		27.4		0.583
358	17.6		28.4		0.619
359	15.9		27.3		0.582
360	17.2		28.6		0.603
361	15.9		27.5		0.579
362	17.7		28.2		0.626
363	16		27.4		0.584
364	17.7		28.7		0.617
365	16		27.4		0.584
366	17.6		28.4		0.618
367	15.9		27.3		0.584
368	17.3		28.6		0.605
369	16		27.5		0.582
370	17.7		28.4		0.623
371	16		27.4		0.586
372	17.8		28.7		0.62
373	16.2		27.4		0.589
374	17.8		28.4		0.626
375	16.1		26.1		0.616
376	17.4		28.6		0.608
377	16.1		27.5		0.584
378	17.8		28.4		0.627
379	16.1		27.4		0.587
380	17.8		28.7		0.622
381	16.2		27.5		0.589
382	17.7		28.4		0.622
383	15.6		27.4		0.571
384	14.8		28.6		0.516
385	15.2		27.5		0.553
386	17.4		28.4		0.611
387	15.8		27.5		0.576
388	17.6		28.7		0.612
389	15.9		27.5		0.579
390	17.5		28.4		0.617
391	15.9		27.4		0.58
392	17.2		28.6		0.6
393	15.9		27.5		0.577
394	17.6		28.4		0.62
395	16		27.4		0.582
396	17.7		28.7		0.617
397	16.1		27.5		0.584
398	17.7		28.4		0.623
399	16		27.4		0.582
400	17.3		28.5		0.606
401	16		27.5		0.58
402	17.7		28.4		0.622
403	16		27.5		0.581
404	17.7		28.7		0.617
405	16.1		27.5		0.585
406	17.7		28.4		0.625
407	16		27.4		0.585
408	17.3		28.5		0.606
409	15.7		27.6		0.567
410	17.1		28.4		0.603
411	15.8		27.4		0.577
412	17.7		28.7		0.616
413	16.1		27.6		0.583
414	17.7		28.4		0.624
415	16		27.4		0.585
416	17.4		28.6		0.608
417	15.8		27.6		0.574
418	17.6		28.4		0.62
419	15.9		27.4		0.58
420	17.6		28.7		0.613
421	16		27.6		0.579
422	17.6		28.4		0.619
423	15.9		27.5		0.578
424	17.2		28.4		0.606
425	15.9		27.6		0.575
426	17.4		28.3		0.616
427	15.7		27.4		0.574
428	17.5		28.7		0.611
429	16		27.5		0.58
430	17.6		28.3		0.623
431	15.9		27.4		0.583
432	17.2		28.4		0.607
433	15.9		27.6		0.578
434	17.7		28.3		0.624
435	16		27.4		0.583
436	17.7		28.6		0.618
437	16.1		27.5		0.584
438	17.7		28.3		0.625
439	15.9		27.3		0.582
440	17.2		28.4		0.607
441	15.9		27.5		0.579
442	17.7		28.3		0.625
443	16		27.4		0.584
444	17.7		28.6		0.619
445	16.1		27.5		0.585
446	17.7		28.2		0.627
447	16		27.4		0.586
448	17.4		28.4		0.612
449	15.8		27.5		0.573
450	17.5		28.3		0.62
451	15.8		27.4		0.578
452	17.5		28.6		0.613
453	15.9		27.5		0.579
454	17.5		28.2		0.621
455	15.8		27.4		0.578
456	17.1		28.4		0.602
457	15.8		27.5		0.575
458	17.5		28.2		0.62
459	15.8		27.3		0.578
460	17.5		28.5		0.615
461	15.9		27.5		0.579
462	17.5		28.2		0.621
463	15.8		27.3		0.579
464	17.2		28.4		0.604
465	15.8		27.6		0.575
466	17.5		28.4		0.618
467	15.8		27.5		0.575
468	17.5		28.5		0.615
469	15.9		27.5		0.579
470	17.5		28.3		0.619
471	15.9		27.4		0.578
472	17.2		28.4		0.605
473	15.8		27.5		0.574
474	17.5		28.3		0.618
475	15.8		27.5		0.575
476	17.5		28.5		0.616
477	15.9		27.5		0.579
478	17.5		28.3		0.617
479	15.9		27.5		0.578
480	17.2		28.4		0.605
481	15.6		27.5		0.568
482	17.3		28.2		0.613
483	15.7		27.4		0.572
484	17.2		28.3		0.608
485	15.7		27.4		0.574
486	17.3		28.2		0.614
487	15.7		27.4		0.572
488	16.9		28.2		0.6
489	15.6		27.5		0.568
490	17.3		28.2		0.613
491	15.6		27.4		0.57
492	17.3		28.3		0.611
493	15.7		27.4		0.575
494	17.3		28		0.616
495	15.7		27.2		0.575
496	17		28.3		0.6
497	15.6		27.4		0.569
498	17.2		28.2		0.613
499	15.6		27.3		0.57
500	17.2		28.3		0.607
501	15.6		27.3		0.571
502	17.1		28.1		0.609
503	15.5		27.2		0.568
504	16.6		28.2		0.588
505	14.8		27.4		0.541
506	16.3		28.1		0.58
507	14.3		27.2		0.524
508	15.1		28.2		0.536
509	12.8		27.1		0.473
510	14.1		27.9		0.506
511	12		26.6		0.449
512	10.4		28		0.373
513	10.2		26.9		0.379
514	13.5		27.5		0.491
515	12.8		27.1		0.473
516	15		27.9		0.538
517	14.2		27.3		0.519
518	15.4		27.6		0.558
519	14.8		27.3		0.544
520	16.3		27.8		0.584
521	15.1		27.4		0.549
522	16.8		27.7		0.605
523	15.3		27.4		0.559
524	17		28.1		0.604
525	15.5		27.5		0.563
526	17		27.8		0.612
527	15.5		27.4		0.566
528	16.8		27.9		0.601
529	15.5		27.6		0.561
530	17		27.8		0.612
531	15.5		27.5		0.562
532	17.1		28		0.61
533	15.6		27.6		0.566
534	17.1		26.1		0.657
535	15.5		27.6		0.563
536	16.8		28		0.599
537	15.5		27.7		0.559
538	17.1		27.9		0.612
539	15.5		27.6		0.562
540	17.2		28.2		0.609
541	15.6		27.6		0.564
542	17.1		27.9		0.613
543	15.6		27.6		0.565
544	16.9		28		0.602
545	15.4		27.7		0.555
546	16.9		28		0.603
547	15.3		27.6		0.553
548	16.9		28.2		0.598
549	15.4		27.7		0.556
550	16.8		28		0.602
551	15.3		27.6		0.554
552	16.6		28.1		0.59
553	15.3		27.8		0.55
554	16.9		28		0.604
555	15.3		27.7		0.554
556	16.9		28.2		0.599
557	15.4		27.7		0.556
558	16.8		28		0.601
559	15.3		27.6		0.554
560	16.6		28.1		0.59
561	15.2		27.7		0.549
562	16.8		28		0.6
563	15.3		27.7		0.552
564	16.9		28.2		0.598
565	15.4		27.7		0.557
566	16.8		28		0.601
567	15.3		27.6		0.552
568	16.5		28.1		0.589
569	15.2		27.4		0.557
570	16.3		27.9		0.583
571	15.3		27.6		0.553
572	16.8		28.2		0.596
573	15.3		27.7		0.553
574	16.7		28		0.598
575	15.2		27.7		0.551
576	16.4		28.1		0.586
577	15		27.8		0.54
578	16.5		28.1		0.589
579	15.1		27.7		0.543
580	16.6		28.3		0.588
581	15.4		27.8		0.553
582	16.9		28		0.601
583	15.3		27.7		0.551
584	16.6		28.2		0.59
585	15.2		27.7		0.55
586	16.8		28		0.599
587	15.2		27.7		0.548
588	16.9		28.3		0.597
589	15.2		27.8		0.546
590	16.9		28.1		0.601
591	15		27.7		0.542
592	16.2		28.1		0.578
593	15		27.8		0.538
594	16.5		28		0.589
595	15.1		27.7		0.545
596	16.6		28.2		0.59
597	15.1		27.7		0.545
598	16.5		28		0.59
599	15		27.7		0.543
600	16.3		28.2		0.578
601	15.1		27.8		0.541
602	16.5		28.1		0.588
603	15		27.7		0.542
604	16.6		28.3		0.586
605	15.1		27.8		0.544
606	16.4		28		0.587
607	14.9		27.7		0.539
608	16.2		28.1		0.575
609	14.9		27.8		0.533
610	16.4		28.1		0.583
611	14.9		27.8		0.538
612	16.3		28.3		0.573
613	15.2		27.8		0.547
614	16.3		28.1		0.58
615	14.9		27.7		0.536
616	16.2		28.1		0.577
617	15.4		27.9		0.552
618	16.9		28		0.605
619	15.4		27.7		0.557
620	17		28.3		0.601
621	15.5		27.8		0.558
622	16.9		28		0.604
623	15.4		27.7		0.556
624	16.7		28.1		0.595
625	15.5		27.9		0.554
626	16.7		28.1		0.596
627	15.1		27.8		0.543
628	16.7		28.3		0.592
629	15.2		27.8		0.548
630	16.3		28.1		0.58
631	14.9		27.7		0.536
632	16.4		28.2		0.583
633	15		27.8		0.54
634	16.8		28		0.599
635	15.2		27.7		0.549
636	16.9		28.2		0.598
637	15.4		27.7		0.554
638	16.7		28		0.596
639	14.9		27.6		0.538
640	14.3		28		0.511
641	14.5		27.7		0.522
642	16.4		28		0.586
643	15		27.7		0.541
644	16.5		28.3		0.585
645	15.1		27.8		0.543
646	16.5		28		0.588
647	15		27.7		0.542
648	16.3		28		0.583
649	15		27.8		0.542
650	16.6		28		0.593
651	15.1		27.7		0.545
652	15.9		28.2		0.563
653	15.2		27.7		0.547
654	16.6		28		0.591
655	15		27.7		0.543
656	16.4		28.1		0.585
657	15.1		27.8		0.542
658	16.6		28		0.591
659	15		27.8		0.541
660	16.6		28.3		0.589
661	15.2		27.8		0.548
662	16.6		28		0.594
663	15.1		27.7		0.545
664	16.5		28		0.588
665	15.1		27.8		0.544
666	16.2		28.1		0.577
667	14.7		26.7		0.551
668	16.2		28.2		0.576
669	14.8		27.8		0.534
670	16.1		28		0.577
671	14.9		27.7		0.537
672	16.2		28		0.578
673	14.6		27.7		0.527
674	16.1		28.1		0.574
675	14.7		27.7		0.532
676	16.2		28.2		0.572
677	14.8		27.8		0.533
678	16.2		28		0.579
679	14.8		27.7		0.535
680	16.1		28.1		0.574
681	14.1		27.8		0.507
682	14.7		28		0.524
683	12		27.6		0.433
684	15.4		28.2		0.547
685	14.6		27.8		0.525
686	16.3		28		0.58
687	14.9		27.7		0.536
688	16		28.1		0.569
689	14.9		27.8		0.538
690	16.2		28.1		0.575
691	15		27.7		0.541
692	16.5		28.3		0.585
693	15		27.8		0.541
694	16.5		28.1		0.589
695	15.1		27.7		0.544
696	16.4		28.1		0.585
697	15.1		27.8		0.543
698	16.7		28.1		0.594
699	15.1		27.7		0.546
700	16.7		28.3		0.59
701	15.2		27.8		0.547
702	16.6		28		0.594
703	15.2		27.7		0.547
704	16.5		27.9		0.59
705	15		27.7		0.54
706	16.6		28.1		0.59
707	14.7		27.8		0.529
708	16.1		28.3		0.568
709	14.8		27.7		0.534
710	16.5		28.1		0.586
711	14.9		27.8		0.538
712	16.2		28.1		0.578
713	14.9		27.8		0.538
714	16.5		28		0.588
715	15		27.7		0.54
716	16.3		28.3		0.575
717	14.7		27.6		0.533
718	16.3		28		0.582
719	15		27.7		0.541
720	16.3		28		0.583
721	15		27.8		0.54
722	16.6		28.1		0.591
723	15.1		27.7		0.544
724	16.6		28.3		0.587
725	15.2		27.8		0.545
726	16.6		28		0.591
727	15.1		27.7		0.543
728	16.3		27.9		0.586
729	15		27.8		0.54
730	16.5		28.1		0.589
731	14.9		27.7		0.54
732	16.4		28.3		0.581
733	15		27.7		0.542
734	16.4		26.5		0.617
735	14.7		27.7		0.532
736	16.2		27.9		0.58
737	14.8		27.8		0.533
738	16.3		28		0.582
739	14.8		27.8		0.534
740	16.1		28.3		0.568
741	14.8		27.9		0.532
742	16.2		28		0.577
743	14.7		27.7		0.529
744	16		27.9		0.573
745	14.7		27.8		0.529
746	16.2		28.1		0.576
747	14.7		27.7		0.531
748	16.2		28.3		0.573
749	14.8		27.7		0.536
750	16.2		28		0.579
751	14.8		27.6		0.536
752	16.1		28		0.576
753	14.8		27.7		0.533
754	16.3		28.2		0.579
755	14.8		27.9		0.531
756	16.4		28.2		0.579
757	15		28		0.535
758	16.4		28.1		0.582
759	14.9		27.8		0.534
760	16.2		28.1		0.575
761	14.8		27.8		0.534
762	16.3		28.2		0.58
763	14.8		27.7		0.535
764	16.3		28.3		0.575
765	14.5		27.7		0.524
766	15.2		28		0.542
767	13.4		27.7		0.486
768	12		27		0.445
769	12.6		27.2		0.462
770	15.1		27.6		0.546
771	14.2		27.4		0.518
772	16		28		0.57
773	14.6		27.3		0.536
774	15.2		27.7		0.549
775	14.7		27.4		0.535
776	15.9		27.6		0.575
777	14.6		27.4		0.534
778	16.1		27.7		0.582
779	14.7		27.4		0.536
780	16.1		28		0.575
781	14.8		27.5		0.537
782	16.2		27.8		0.582
783	14.7		27.4		0.538
784	16.1		27.6		0.583
785	14.8		27.6		0.534
786	16.3		27.8		0.586
787	14.8		27.5		0.538
788	16.4		28.1		0.583
789	14.9		27.5		0.542
790	16.4		27.8		0.589
791	14.9		27.5		0.542
792	16.3		27.6		0.589
793	14.9		26.4		0.564
794	16.5		27.9		0.592
795	14.9		27.5		0.541
796	16.5		28.1		0.586
797	14.9		27.6		0.543
798	16.3		27.8		0.587
799	14.8		27.5		0.54
800	16.1		27.6		0.582
801	14.6		27.5		0.529
802	16.1		27.9		0.577
803	14.3		27.5		0.521
