Description:	Naive, three-loop dgemm.

Size:	testGflops/s	refGflops/s	percent
4	1.97		1.43		1.38
5	2.39		2.05		1.17
6	2.85		4.32		0.661
7	1.75		3.4		0.514
8	1.57		7.13		0.22
9	2.09		6.65		0.314
10	2.15		8.1		0.265
11	2.38		7.16		0.332
12	2.14		12.4		0.172
13	2.64		10.5		0.25
14	2.58		10.4		0.249
15	2.8		9.26		0.303
16	2.39		16.6		0.144
17	2.97		12.6		0.235
18	2.85		15.1		0.189
19	3.08		12.3		0.251
20	2.82		14.1		0.2
21	3.31		13.2		0.251
22	3.14		14.9		0.211
23	3.52		14.3		0.246
24	3.05		16.4		0.186
25	3.65		15.4		0.236
26	3.54		16.7		0.212
27	3.76		16.5		0.228
28	3.39		18.5		0.183
29	3.84		16.9		0.227
30	3.77		18.3		0.206
31	3.92		17.5		0.224
32	3.41		20.5		0.166
33	4.02		18.6		0.216
34	3.92		19.4		0.202
35	4.1		18.5		0.221
36	3.74		20.8		0.18
37	4.25		19.1		0.223
38	4.14		20.3		0.204
39	4.38		18.9		0.232
40	3.74		21.2		0.176
41	4.45		20		0.222
42	4.32		21.2		0.204
43	4.52		19.6		0.23
44	4.12		22.1		0.187
45	4.56		20.6		0.222
46	4.49		21.5		0.209
47	4.62		20.3		0.228
48	3.96		22.6		0.175
49	4.66		21.2		0.22
50	4.55		22.3		0.204
51	4.58		21.2		0.216
52	4.27		23		0.186
53	4.73		21.6		0.219
54	4.56		22.5		0.203
55	4.73		21.6		0.22
56	4.13		23.7		0.174
57	4.81		22.1		0.218
58	4.66		22.2		0.21
59	4.74		22.1		0.215
60	4.39		24.1		0.182
61	4.77		22.7		0.21
62	4.7		23.5		0.2
63	4.66		22.4		0.208
64	4.08		24.4		0.167
65	4.67		23.3		0.201
66	4.58		24.2		0.189
67	4.65		23		0.203
68	4.35		24.9		0.174
69	4.81		23.6		0.204
70	4.66		24.2		0.193
71	4.88		23.2		0.21
72	4.25		25.2		0.169
73	4.68		24		0.195
74	4.81		24.7		0.195
75	4.88		23.7		0.206
76	4.55		25.3		0.18
77	4.87		24		0.203
78	4.81		24.6		0.195
79	4.82		23.6		0.204
80	4.25		25.5		0.167
81	4.8		24.2		0.198
82	4.75		24.9		0.191
83	4.79		24.2		0.198
84	4.55		25.8		0.177
85	4.88		24.5		0.2
86	4.83		25.2		0.192
87	5.04		24.2		0.208
88	4.4		25.9		0.17
89	4.99		24.8		0.201
90	4.99		25.5		0.196
91	5.04		24.5		0.206
92	4.73		26.1		0.181
93	4.84		24.8		0.195
94	4.95		25.5		0.195
95	4.99		24.5		0.203
96	4.35		26.1		0.167
97	4.98		25		0.199
98	4.91		25.8		0.19
99	4.95		24.8		0.199
100	4.67		26.3		0.178
101	5.06		25.2		0.201
102	4.91		25.8		0.191
103	5.11		25		0.205
104	4.51		26.5		0.17
105	5.11		25.5		0.2
106	5.04		26.1		0.193
107	5.14		25.3		0.203
108	4.83		26.6		0.182
109	5.11		25.5		0.2
110	5.03		26.1		0.193
111	5.08		25.3		0.201
112	4.48		26.7		0.168
113	5.05		25.8		0.196
114	4.97		26.2		0.19
115	5.03		25.5		0.197
116	4.78		26.8		0.178
117	5.11		25.8		0.198
118	5.03		26.2		0.192
119	5.21		25.5		0.204
120	4.58		26.8		0.171
121	5.21		25.9		0.201
122	5.12		26.4		0.194
123	5.21		25.7		0.203
124	4.92		27		0.182
125	5.18		26		0.2
126	5.1		26.6		0.192
127	5.15		25.7		0.2
128	2.14		26.8		0.0798
129	5.17		26.3		0.197
130	5.06		26.7		0.19
131	5.1		25.9		0.197
132	4.85		27.1		0.179
133	5.21		26.2		0.199
134	5.12		26.6		0.192
135	5.27		25.7		0.205
136	4.65		27		0.172
137	5.22		26.3		0.198
138	5.17		26.6		0.194
139	5.23		26.1		0.201
140	4.97		27.2		0.182
141	5.2		26.1		0.199
142	5.14		26.8		0.192
143	5.17		26		0.199
144	4.59		27.3		0.168
145	5.13		26.5		0.194
146	5.03		27		0.187
147	5.11		26.2		0.195
148	4.88		27.4		0.178
149	5.16		26.5		0.195
150	5.11		27		0.189
151	5.25		26.2		0.2
152	4.66		27.5		0.17
153	5.21		26.6		0.196
154	5.15		27.1		0.19
155	5.21		26.2		0.199
156	4.96		27.2		0.182
157	5.16		26.6		0.194
158	5.11		26.9		0.19
159	5.15		26.4		0.195
160	2.23		27.5		0.0812
161	5.12		26.5		0.193
162	5.07		27.3		0.186
163	5.09		26.3		0.193
164	4.88		27.3		0.179
165	5.15		26.8		0.193
166	5.1		27.1		0.188
167	5.2		26.5		0.196
168	4.65		27.6		0.168
169	5.17		26.6		0.195
170	5.08		27.2		0.187
171	4.53		26.3		0.172
172	4.9		27.4		0.179
173	5.12		26.8		0.191
174	5.06		27.1		0.186
175	5.09		26.6		0.191
176	4.55		27.8		0.164
177	5.06		26.8		0.189
178	5.01		27.4		0.183
179	5.04		26.7		0.189
180	4.81		27.7		0.174
181	5.07		26.9		0.188
182	4.99		27.4		0.182
183	5.05		26.7		0.189
184	4.55		27.9		0.163
185	5.01		27.1		0.185
186	4.91		27.4		0.179
187	4.95		26.8		0.185
188	4.71		27.8		0.169
189	4.9		27.1		0.181
190	4.8		27.5		0.175
191	4.84		26.9		0.18
192	2.19		27.9		0.0787
193	4.78		27.1		0.176
194	4.71		27.6		0.171
195	4.39		26.9		0.163
196	4.51		27.9		0.162
197	4.21		27.1		0.155
198	4.64		27.6		0.169
199	4.71		26.9		0.175
200	4.28		27.9		0.153
201	4.67		27.2		0.171
202	4.58		27.7		0.166
203	4.63		27		0.171
204	4.42		28		0.158
205	4.07		27.2		0.149
206	4.54		27.6		0.165
207	4.57		27		0.17
208	4.08		28		0.146
209	4.55		27.2		0.167
210	4.48		27.8		0.161
211	4.52		27.1		0.167
212	4.32		28		0.154
213	4.51		27.3		0.165
214	4.45		27.7		0.161
215	4.51		27.1		0.167
216	4.15		28		0.148
217	4.47		27.4		0.163
218	4.41		27.8		0.159
219	4.42		27.2		0.162
220	4.28		28.1		0.152
221	4.38		27.4		0.16
222	4.33		27.8		0.156
223	4.3		27.2		0.158
224	2.17		28.1		0.0772
225	4.27		27.5		0.155
226	4.28		27.9		0.153
227	4.28		27.3		0.157
228	4.2		28.2		0.149
229	4.34		27.5		0.158
230	4.31		27.9		0.154
231	4.39		27.3		0.16
232	4.07		28.2		0.144
233	4.38		27.6		0.159
234	4.34		28		0.155
235	4.39		27.4		0.16
236	4.23		28.2		0.15
237	4.36		27.6		0.158
238	4.31		27.9		0.154
239	3.44		27.5		0.125
240	3.4		28.2		0.12
241	3.43		27.7		0.124
242	4.28		28.1		0.152
243	4.31		27.5		0.157
244	4.16		28.3		0.147
245	4.3		27.7		0.155
246	4.26		28		0.152
247	4.33		27.5		0.157
248	4		28.3		0.141
249	4.28		27.8		0.154
250	4.24		28.1		0.151
251	4.18		27.6		0.152
252	4.11		28.4		0.144
253	4.09		27.7		0.148
254	4.16		28.1		0.148
255	3.99		27.4		0.146
256	1.45		28.4		0.051
257	3.98		25.9		0.154
258	4.15		27.5		0.151
259	4.03		26		0.155
260	4.08		28.1		0.145
261	4.14		26.3		0.158
262	4.22		27.7		0.152
263	4.25		26.2		0.162
264	4.01		28		0.143
265	4.26		26.4		0.161
266	4.27		27.8		0.154
267	4.23		26.4		0.161
268	4.17		28.2		0.148
269	4.26		26.5		0.161
270	4.25		27.6		0.154
271	3.15		26.2		0.12
272	2.42		27.9		0.0866
273	3.14		26.5		0.119
274	4.23		27.8		0.152
275	4.23		26.5		0.16
276	4.13		28		0.147
277	4.27		26.4		0.162
278	4.25		27.8		0.153
279	4.27		26.5		0.161
280	4		28.1		0.142
281	4.25		26.7		0.16
282	4.22		27.8		0.152
283	4.19		26.4		0.158
284	4.09		28.3		0.145
285	4.13		26.6		0.155
286	4.14		27.9		0.148
287	4.04		26.5		0.152
288	2.12		28.2		0.0753
289	4.01		26.8		0.15
290	4.11		28		0.147
291	4.06		26.7		0.152
292	4.04		28.3		0.143
293	4.14		26.7		0.155
294	4.19		27.9		0.15
295	4.23		26.6		0.159
296	3.99		28.2		0.141
297	4.23		26.9		0.158
298	4.22		28.1		0.15
299	4.23		26.8		0.158
300	4.12		28.4		0.145
301	4.23		26.8		0.157
302	4.21		28		0.15
303	4.18		26.7		0.157
304	2.12		28.3		0.0751
305	4.12		26.9		0.153
306	4.19		28		0.15
307	3.59		26.8		0.134
308	4.07		28.4		0.143
309	4.21		26.9		0.156
310	4.19		27.9		0.15
311	4.21		26.6		0.158
312	3.98		28		0.142
313	4.11		26.8		0.154
314	4.19		28.2		0.149
315	3.49		27		0.13
316	4.09		28.2		0.145
317	3.45		26.8		0.128
318	4.17		28.1		0.148
319	4.19		26.9		0.156
320	2.03		28.4		0.0713
321	4.18		27.1		0.154
322	4.15		28		0.148
323	4.15		26.8		0.155
324	4.05		28.5		0.142
325	4.16		27.1		0.154
326	3.87		28		0.138
327	4.16		26.8		0.155
328	3.95		28.2		0.14
329	3.88		27		0.144
330	4.07		28.3		0.144
331	4.02		27.1		0.148
332	4.05		28.4		0.143
333	4.15		27		0.153
334	4		28.2		0.142
335	4.16		27.1		0.154
336	2.11		28.5		0.0741
337	4.15		27.3		0.152
338	4.12		28.1		0.147
339	4.13		26.9		0.153
340	4		28.6		0.14
341	3.38		27.1		0.125
342	3.67		28.1		0.131
343	4.07		27		0.151
344	3.93		28.3		0.139
345	4.12		27.1		0.152
346	4.08		28.4		0.144
347	4.12		27.3		0.151
348	4.03		28.5		0.142
349	3.85		27.2		0.142
350	4.11		28.4		0.145
351	4.13		27.2		0.152
352	2.11		28.6		0.0737
353	4.12		27.4		0.15
354	4.08		28.2		0.145
355	4.1		27.1		0.151
356	4		28.7		0.139
357	4.08		27.4		0.149
358	4.02		28.4		0.142
359	4.07		27.3		0.149
360	3.88		28.6		0.136
361	4.11		27.5		0.15
362	4.07		28.5		0.143
363	4.11		27.4		0.15
364	3.99		28.7		0.139
365	3.96		27.4		0.144
366	3.57		28.4		0.126
367	3.89		27.3		0.142
368	2.1		28.6		0.0732
369	3.87		27.5		0.141
370	4.01		28.4		0.141
371	4.05		27.4		0.148
372	3.96		28.7		0.138
373	4.06		27.4		0.148
374	4.04		28.4		0.142
375	4.07		27.4		0.149
376	3.86		28.6		0.135
377	4.01		27.5		0.146
378	4.01		28.4		0.141
379	4.01		27.4		0.146
380	3.97		28.7		0.138
381	3.6		27.5		0.131
382	4.02		28.4		0.142
383	4		27.4		0.146
384	1.47		28.7		0.0512
385	3.99		27.5		0.145
386	3.99		28.5		0.14
387	3.97		27.5		0.145
388	3.91		28.7		0.136
389	3.87		27.5		0.141
390	3.4		28.4		0.12
391	3.96		27.4		0.144
392	3.8		28.7		0.133
393	3.97		27.6		0.144
394	3.36		28.5		0.118
395	3.27		27.5		0.119
396	3.89		28.7		0.136
397	3.95		27.6		0.143
398	3.41		28.5		0.12
399	3.77		27.5		0.137
400	2.09		28.6		0.0729
401	3.77		27.6		0.137
402	3.81		28.5		0.134
403	3.81		27.5		0.139
404	3.81		28.7		0.133
405	3.92		27.3		0.144
406	3.34		28.4		0.118
407	3.33		27.5		0.121
408	3.72		28.5		0.131
409	3.54		27.5		0.129
410	3.43		28.5		0.12
411	3.87		27.5		0.141
412	3.82		28.5		0.134
413	3.61		27.6		0.131
414	3.72		28.5		0.131
415	3.87		27.5		0.141
416	2.07		28.7		0.0723
417	3.83		27.4		0.14
418	3.72		28.2		0.132
419	3.18		27.5		0.116
420	3.77		28.8		0.131
421	3.41		27.6		0.123
422	3.82		28.5		0.134
423	3.07		27.3		0.112
424	3.65		28.4		0.128
425	3.72		27.5		0.135
426	3.37		28.5		0.118
427	3.14		27.5		0.114
428	3.74		28.7		0.13
429	3.12		27.6		0.113
430	3.13		28.4		0.11
431	3.26		27.5		0.119
432	2.07		28.6		0.0725
433	3.24		27.6		0.117
434	3.56		28.4		0.125
435	3.25		27.5		0.118
436	3.32		28.7		0.116
437	3.35		27.6		0.121
438	3.56		28.3		0.126
439	3.21		27.4		0.117
440	3.62		28.6		0.127
441	3.4		27.6		0.123
442	3.31		28.5		0.116
443	3.53		27.5		0.128
444	3.09		28.7		0.108
445	3.35		27.6		0.121
446	3.02		28.4		0.106
447	3.7		27.5		0.135
448	1.82		28.6		0.0637
449	3.67		27.6		0.133
450	2.97		28.4		0.105
451	3.14		27.5		0.114
452	2.98		28.6		0.104
453	3.03		27.5		0.11
454	3.33		28.4		0.117
455	3.17		27.5		0.115
456	3.3		28.5		0.116
457	2.97		27.5		0.108
458	2.89		28.4		0.102
459	2.87		27.5		0.104
460	3.23		28.5		0.113
461	2.91		27.5		0.106
462	2.99		28.3		0.105
463	2.97		27.5		0.108
464	2.05		28.4		0.0722
465	2.92		27.6		0.106
466	2.92		28.3		0.103
467	2.9		27.5		0.106
468	2.84		28.5		0.0996
469	2.68		27.5		0.0973
470	2.89		28.3		0.102
471	2.83		27.4		0.103
472	2.79		28.3		0.0987
473	2.74		27.5		0.0997
474	2.73		28.3		0.0963
475	2.73		27.5		0.0993
476	2.67		28.5		0.0938
477	2.63		27.5		0.0958
478	2.69		28.2		0.0952
479	2.59		27.4		0.0946
480	2.01		28.4		0.0709
481	2.54		27.5		0.0921
482	2.62		28.2		0.0929
483	2.48		27.4		0.0906
484	2.47		28.4		0.0868
485	2.72		27.5		0.0991
486	2.45		28.2		0.0868
487	2.44		27.3		0.0891
488	2.4		28.2		0.0852
489	2.54		27.5		0.0925
490	2.47		28.2		0.0876
491	2.38		27.4		0.0866
492	2.34		28.4		0.0826
493	2.57		27.4		0.0938
494	2.31		28.2		0.0819
495	2.45		27.3		0.0898
496	2.03		28.3		0.0717
497	2.29		27.4		0.0834
498	2.23		28.1		0.0794
499	2.2		27.3		0.0806
500	2.18		28.3		0.0769
501	2.17		27.4		0.0792
502	2.15		28.1		0.0767
503	2.13		27.2		0.0782
504	2.1		28.2		0.0743
505	2.15		27.3		0.0785
506	2.26		28.1		0.0804
507	2.22		27.2		0.0817
508	2.2		28.3		0.0778
509	2.44		27.2		0.0897
510	2.79		28		0.0998
511	2.99		26.7		0.112
512	1.39		27.9		0.0496
513	2.85		26.9		0.106
514	2.53		27.5		0.092
515	2.15		27.1		0.0791
516	1.91		27.9		0.0684
517	1.82		27.3		0.0668
518	1.7		27.7		0.0616
519	1.57		27.3		0.0574
520	1.46		27.9		0.0522
521	1.39		27.5		0.0507
522	1.32		27.8		0.0475
523	1.25		27.4		0.0454
524	1.18		28.1		0.0419
525	1.12		27.5		0.0407
526	1.04		27.8		0.0374
527	1		27.5		0.0365
528	0.978		28		0.0349
529	0.926		27.4		0.0337
530	0.888		27.9		0.0318
531	0.865		27.5		0.0314
532	0.843		28.1		0.0299
533	0.822		27.6		0.0298
534	0.798		27.9		0.0286
535	0.703		27.5		0.0255
536	0.765		28		0.0273
537	0.721		27.6		0.0261
538	0.729		27.9		0.0261
539	0.718		27.6		0.026
540	0.704		28.1		0.025
541	0.691		27.7		0.025
542	0.682		27.9		0.0244
543	0.67		27.6		0.0243
544	0.696		28.1		0.0248
545	0.61		26.8		0.0228
546	0.558		28		0.0199
547	0.635		27.7		0.023
548	0.628		28.2		0.0223
549	0.619		27.7		0.0223
550	0.613		28		0.0219
551	0.577		27.6		0.0209
552	0.606		28.1		0.0216
553	0.494		27.7		0.0178
554	0.595		28		0.0213
555	0.588		26.8		0.022
556	0.584		28.2		0.0207
557	0.498		27.7		0.018
558	0.574		28		0.0205
559	0.542		27.6		0.0197
560	0.442		28		0.0158
561	0.561		27.7		0.0202
562	0.558		27.9		0.02
563	0.554		27.6		0.0201
564	0.55		28.1		0.0196
565	0.358		27.6		0.013
566	0.547		27.9		0.0196
567	0.543		27.5		0.0197
568	0.542		28		0.0194
569	0.541		27.6		0.0196
570	0.358		27.9		0.0128
571	0.533		27.6		0.0193
572	0.54		28.2		0.0191
573	0.539		27.5		0.0196
574	0.539		28		0.0193
575	0.347		27.6		0.0126
576	0.555		28.1		0.0198
577	0.539		27.8		0.0194
578	0.537		28		0.0191
579	0.532		27.6		0.0193
580	0.323		28.2		0.0115
581	0.54		27.7		0.0195
582	0.537		28		0.0191
583	0.529		27.7		0.0191
584	0.518		28.1		0.0184
585	0.351		27.7		0.0127
586	0.501		28		0.0179
587	0.455		27.7		0.0164
588	0.452		28.3		0.016
589	0.473		27.7		0.0171
590	0.428		28		0.0153
591	0.453		27.7		0.0164
592	0.488		28		0.0174
593	0.394		27.8		0.0142
594	0.437		28		0.0156
595	0.458		27.7		0.0165
596	0.369		28.2		0.0131
597	0.456		27.8		0.0164
598	0.468		28		0.0167
599	0.462		27.7		0.0167
600	0.447		28.1		0.0159
601	0.376		27.8		0.0135
602	0.426		28.1		0.0151
603	0.441		27.8		0.0159
604	0.376		28.4		0.0133
605	0.449		27.8		0.0161
606	0.409		28.1		0.0146
607	0.356		27.7		0.0128
608	0.452		28.2		0.016
609	0.416		27.8		0.015
610	0.403		28		0.0144
611	0.428		27.7		0.0154
612	0.442		28.2		0.0156
613	0.438		27.7		0.0158
614	0.414		28		0.0148
615	0.394		27.7		0.0142
616	0.389		28.1		0.0139
617	0.393		27.8		0.0141
618	0.372		28		0.0133
619	0.395		27.7		0.0143
620	0.384		28.3		0.0136
621	0.415		27.8		0.0149
622	0.397		28		0.0142
623	0.364		27.7		0.0131
624	0.36		28.1		0.0128
625	0.365		27.9		0.0131
626	0.411		28.1		0.0146
627	0.404		27.8		0.0145
628	0.409		28.4		0.0144
629	0.345		27.8		0.0124
630	0.342		28.1		0.0122
631	0.372		27.7		0.0134
632	0.389		28.2		0.0138
633	0.407		27.9		0.0146
634	0.38		28.1		0.0135
635	0.354		27.9		0.0127
636	0.368		28.3		0.013
637	0.402		27.8		0.0145
638	0.366		28.1		0.013
639	0.374		27.8		0.0135
640	0.352		28		0.0126
641	0.373		27.8		0.0134
642	0.412		28.1		0.0147
643	0.409		27.7		0.0148
644	0.366		28.3		0.0129
645	0.35		27.9		0.0126
646	0.38		28.1		0.0135
647	0.362		27.7		0.013
648	0.367		28		0.0131
649	0.334		27.8		0.012
650	0.355		28		0.0127
651	0.435		27.8		0.0157
652	0.401		28.3		0.0142
653	0.368		27.8		0.0132
654	0.347		28.1		0.0123
655	0.382		27.7		0.0138
656	0.404		28.1		0.0144
657	0.354		27.8		0.0127
658	0.347		28.1		0.0124
659	0.355		27.8		0.0128
660	0.344		28.3		0.0122
661	0.34		27.8		0.0122
662	0.314		28		0.0112
663	0.335		27.8		0.0121
664	0.345		28.1		0.0123
665	0.351		27.8		0.0126
666	0.345		28.1		0.0123
667	0.33		27.7		0.0119
668	0.351		28.2		0.0124
669	0.356		27.8		0.0128
670	0.343		28		0.0123
671	0.38		27.8		0.0137
672	0.419		28		0.0149
673	0.319		27.8		0.0115
674	0.32		28		0.0114
675	0.389		27.7		0.0141
676	0.376		28.2		0.0133
677	0.336		27.8		0.0121
678	0.357		28		0.0128
679	0.399		27.6		0.0144
680	0.311		28.1		0.0111
681	0.32		27.7		0.0115
682	0.379		28		0.0135
683	0.366		27.4		0.0133
684	0.333		28.2		0.0118
685	0.349		27.7		0.0126
686	0.372		27.9		0.0133
687	0.341		27.7		0.0123
688	0.325		28.1		0.0116
689	0.327		27.7		0.0118
690	0.331		28.1		0.0118
691	0.326		27.7		0.0118
692	0.314		28.3		0.0111
693	0.31		27.8		0.0111
694	0.309		28.1		0.011
695	0.315		27.8		0.0113
696	0.333		28.1		0.0119
697	0.337		27.8		0.0121
698	0.338		28.1		0.0121
699	0.32		27.7		0.0115
700	0.319		28.3		0.0113
701	0.418		27.9		0.015
702	0.322		28.1		0.0115
703	0.327		27.8		0.0118
704	0.359		28.1		0.0128
705	0.355		27.7		0.0128
706	0.333		28.1		0.0119
707	0.316		27.7		0.0114
708	0.313		28.3		0.0111
709	0.312		27.8		0.0112
710	0.314		28		0.0112
711	0.329		27.7		0.0119
712	0.36		28		0.0128
713	0.355		27.4		0.0129
714	0.322		28		0.0115
715	0.317		27.7		0.0114
716	0.358		28.3		0.0126
717	0.331		27.6		0.012
718	0.312		28		0.0112
719	0.315		27.7		0.0114
720	0.349		28		0.0125
721	0.314		27.7		0.0113
722	0.311		28		0.0111
723	0.309		27.7		0.0112
724	0.391		28.3		0.0138
725	0.319		27.7		0.0115
726	0.313		28		0.0112
727	0.314		27.7		0.0113
728	0.331		27.9		0.0119
729	0.308		27.8		0.0111
730	0.308		28		0.011
731	0.308		27.7		0.0111
732	0.352		28.2		0.0125
733	0.32		27.7		0.0115
734	0.315		27.8		0.0114
735	0.326		27.7		0.0118
736	0.374		27.9		0.0134
737	0.365		27.8		0.0131
738	0.334		28.1		0.0119
739	0.308		27.7		0.0111
740	0.308		28.3		0.0109
741	0.308		27.8		0.0111
742	0.308		28		0.011
743	0.326		27.7		0.0117
744	0.337		28		0.0121
745	0.34		27.8		0.0122
746	0.318		28.1		0.0113
747	0.311		27.6		0.0113
748	0.308		28.3		0.0109
749	0.412		27.7		0.0149
750	0.307		28		0.011
751	0.311		27.6		0.0113
752	0.337		28		0.012
753	0.34		27.7		0.0123
754	0.33		28.1		0.0117
755	0.319		27.7		0.0115
756	0.308		28.2		0.0109
757	0.312		27.8		0.0112
758	0.313		28.1		0.0112
759	0.307		27.7		0.0111
760	0.31		27.9		0.0111
761	0.307		27.8		0.011
762	0.311		28.2		0.0111
763	0.307		27.7		0.0111
764	0.307		28.3		0.0109
765	0.306		27.6		0.0111
766	0.306		28		0.0109
767	0.306		27.6		0.0111
768	0.314		27.2		0.0116
769	0.306		27.2		0.0112
770	0.306		27.6		0.0111
771	0.307		27.4		0.0112
772	0.306		28		0.0109
773	0.306		27.4		0.0112
774	0.306		27.7		0.011
775	0.306		27.6		0.0111
776	0.306		27.9		0.0109
777	0.306		27.7		0.0111
778	0.306		27.9		0.011
779	0.306		27.7		0.0111
780	0.325		28.1		0.0116
781	0.306		27.7		0.011
782	0.306		28		0.0109
783	0.306		27.6		0.0111
784	0.323		28		0.0115
785	0.331		27.6		0.012
786	0.306		28		0.0109
787	0.306		27.7		0.0111
788	0.311		27.8		0.0112
789	0.355		27.6		0.0129
790	0.347		27.8		0.0125
791	0.316		27.7		0.0114
792	0.328		27.9		0.0118
793	0.305		27.7		0.011
794	0.308		28		0.011
795	0.305		27.7		0.011
796	0.314		28.2		0.0111
797	0.305		27.8		0.011
798	0.305		28		0.0109
799	0.325		27.7		0.0117
800	0.33		28		0.0118
801	0.305		27.8		0.011
802	0.307		28		0.011
803	0.305		27.7		0.011
